
K = ...
  [4230.188342 0 3704.553739;
   0 4230.188342 2484.615444;
   0 0 1];
   
kc = [-0.041909 0.018366 -0.000116 9E-6 0];

KM = ...
  [0 0 0;
   0 0.56 0];
   
km_size = 0.13;

targets = ...
  [0 0.35 0;
   -0.12 0.27 0;
   0.12 0.27 0;
   0.32 -0.07 0;
   0.32 0.51 0;
   0.5 -0.25 0;
   0.5 0.28 0;
   0.5 0.78 0;
   0.9 0.14 0;
   0.9 0.28 0;
   0.9 0.52 0];


R_scene = 2;

cameras = cell(1, 24);
cameras{1} = [-0.61460479182587779; -0.61355435922193891; -1.4837872239255276; ...
              0; 0; 2.82842712474619];
cameras{2} = [-0.0012988568341574616; -0.78539743234668; -0.0031357177846039253; ...
              0; 0; 2.82842712474619];
cameras{3} = [-0.46693476926926863; -0.8157238210874983; -1.9609190920444852; ...
              -1.6653345369377348E-16; 0; 2.82842712474619];
cameras{4} = [0.2086051126084702; -0.7658836664152987; -0.48835799863838519; ...
              -2.2204460492503131E-16; -6.7654215563095477E-17; 2.82842712474619; ...
              ];
cameras{5} = [-0.27618274232305973; -1.0129916010220676; -2.4513147895247762; ...
              2.7755575615628914E-17; 2.2204460492503131E-16; 2.82842712474619; ...
              ];
cameras{6} = [0.41032148622200049; -0.7109322856683804; -0.99109424205328267; ...
              0; 1.395910297075087E-16; 2.82842712474619];
cameras{7} = [0.00091300234070724421; 1.2016981774138795; 2.9011560377916181; ...
              0; 0; 2.82842712474619];
cameras{8} = [0.61486972632774561; -0.61236259151462269; -1.4783740735245381; ...
              0; 0; 2.82842712474619];
cameras{9} = [-0.27452917160011764; 1.0127057913944963; 2.4487211908182553; ...
              -6.7654215563095477E-17; 0; 2.82842712474619];
cameras{10} = [0.81569710084826352; -0.4670832515882381; -1.9611972802814004; ...
               0; -1.4224732503009818E-16; 2.82842712474619];
cameras{11} = [-0.46750435827603493; 0.815621237661809; 1.9619861426601126; ...
               1.9428902930940239E-16; -2.2204460492503131E-16; 2.82842712474619; ...
               ];
cameras{12} = [1.0116228306191482; -0.26834481609706995; -2.4389917911549786; ...
               2.2204460492503131E-16; -1.8214596497756474E-17; 2.82842712474619; ...
               ];
cameras{13} = [-0.6156184017453572; 0.61295782158447076; 1.4862342947400904; ...
               0; 0; 2.82842712474619];
cameras{14} = [-1.1989024543399009; 0.0056478660645221043; 2.8944065652299273; ...
               0; 0; 2.82842712474619];
cameras{15} = [-0.70802621437414226; 0.41381671867493147; 0.980799195777991; ...
               -1.3010426069826053E-16; -2.2204460492503131E-16; 2.82842712474619; ...
               ];
cameras{16} = [-1.0121206838919639; -0.27117214116756128; 2.4434455712443888; ...
               0; -6.0200325627257634E-17; 2.82842712474619];
cameras{17} = [-0.76872276538512929; 0.20069875060330983; 0.50831548092249768; ...
               7.9797279894933126E-17; -2.2204460492503131E-16; 2.82842712474619; ...
               ];
cameras{18} = [-0.8154618215480286; -0.46838705564272415; 1.9636392278043875; ...
               0; 1.2923689896027213E-16; 2.82842712474619];
cameras{19} = [-0.78539778451105646; -0.000935065513312652; 0.0022574478439467646; ...
               0; 0; 2.82842712474619];
cameras{20} = [-0.6156898743048812; -0.61095950713505576; 1.4749867281862334; ...
               0; 0; 2.82842712474619];
cameras{21} = [-0.76605034276318851; -0.20814582471596513; -0.48951946026158394; ...
               -9.71445146547012E-17; 0; 2.82842712474619];
cameras{22} = [-0.41260255412387431; -0.70903818811269581; 0.98438062665287529; ...
               0; -1.0061396160665481E-16; 2.82842712474619];
cameras{23} = [-0.71081219345878155; -0.41046644516793251; -0.99066817590454537; ...
               8.7169854667834556E-17; -2.2204460492503131E-16; 2.82842712474619; ...
               ];
cameras{24} = [-0.20343200791417548; -0.76774850201998968; 0.50142482786781073; ...
               0; 9.540979117872439E-17; 2.82842712474619];

camsXYZ = ...
  [2 0 2;
   2 0 2;
   1.7320508075688774 0.99999999999999989 2;
   1.7320508075688774 0.99999999999999989 2;
   0.99999999999999989 1.7320508075688774 2;
   0.99999999999999989 1.7320508075688774 2;
   0 2 2;
   0 2 2;
   -0.99999999999999989 1.7320508075688774 2;
   -0.99999999999999989 1.7320508075688774 2;
   -1.7320508075688774 0.99999999999999989 2;
   -1.7320508075688774 0.99999999999999989 2;
   -2 0 2;
   -2 0 2;
   -1.7320508075688774 -0.99999999999999989 2;
   -1.7320508075688774 -0.99999999999999989 2;
   -0.99999999999999989 -1.7320508075688774 2;
   -0.99999999999999989 -1.7320508075688774 2;
   0 -2 2;
   0 -2 2;
   0.99999999999999989 -1.7320508075688774 2;
   0.99999999999999989 -1.7320508075688774 2;
   1.7320508075688774 -0.99999999999999989 2;
   1.7320508075688774 -0.99999999999999989 2];

 